FFFF
FF00 03 00 00 00 00 00 00 00 00
FF01 01 04 01 04 01 04
FF03 02 04 04 04
EEEE
FF20 00 0000 0100 0200 0300 0400
FF20 01 0000 0100 0200 0300 0400
FF20 02 0000 0100 0200 0300 0400
FF30 00 0000 12000000 12000000 12000000 12000000 12000000 12000000 12000000 12000000 12000000 12000000 12000000 12000000 12000000 12000000 12000000 12000000 12000000 12000000 12000000 12000000 12000000 12000000 12000000 12000000 12000000 12000000 12000000 12000000 12000000 12000000 12000000 12000000 12000000 12000000 12000000 12000000 12000000 12000000 12000000 12000000 12000000 12000000 12000000 12000000 12000000 12000000 12000000 12000000 12000000 12000000 12000000 12000000 12000000 12000000 12000000 12000000 12000000 12000000 12000000 12000000 12000000 12000000 12000000 12000000
FF11 00 01 01 02 02 03
